Title	Work Pages	Completed	Remaining	Completion
Word Study Phonix	151	26	125	17%
Language Arts	149	12	137	8%
Spectrum 6th Grade	277	0	277	0%
Word Problems	114	7	107	6%
Reading	151	19	132	12%
Spelling	131	32	99	24%
Critical Thinking Math	102	11	91	10%
World Geography	91	16	75	17%
Writing	129	23	106	17%
Math	148	8	140	5%
Fractions	83	22	61	26%
Vocabulary	148	25	123	16%
Science	151	15	136	9%
Ultimate Math	207	26	181	12%
Test Practice	154	61	93	39%
Algebra 6 - 8	106	8	98	7%
